0
0
0
0
0
0
0
0
0
0
0
0.0056801
0.020618
0.041753
0.06623
0.091558
0.11572
0.1372
0.15503
0.16868
0.17805
0.18338
0.18515
0.18398
0.18059
0.17569
0.16997
0.16402
0.15831
0.15321
0.14896
0.14568
0.14342
0.14211
0.14164
0.14188
0.14264
0.14378
0.14511
0.14651
0.14786
0.14907
0.15008
0.15087
0.15142
0.16121
0.18622
0.2214
0.26202
0.30398
0.34393
0.37941
0.4088
0.43126
0.44664
0.45534
0.45815
0.45612
0.45044
0.44229
0.43279
0.42293
0.41349
0.40507
0.39806
0.39267
0.38895
0.38681
0.38606
0.38647
0.38776
0.38965
0.39187
0.39419
0.39642
0.39842
0.40009
0.40138
0.39281
0.36844
0.33341
0.29253
0.25003
0.20933
0.173
0.14275
0.11947
0.10337
0.09409
0.090839
0.09257
0.098094
0.1062
0.11575
0.12574
0.13536
0.14398
0.15119
0.15677
0.16066
0.16294
0.16379
0.16345
0.1622
0.16033
0.1581
0.15575
0.15348
0.15143
0.14972
0.14838
