0
0
0
0
0
0
0
0
0
0
0
0.017844
0.048146
0.085416
0.12462
0.1616
0.19326
0.21767
0.234
0.24238
0.24366
0.23923
0.2307
0.21975
0.20797
0.19664
0.18678
0.17903
0.17368
0.17076
0.17003
0.17111
0.1735
0.17671
0.18025
0.18371
0.18678
0.18924
0.19098
0.19198
0.19231
0.19207
0.1914
0.19046
0.1894
0.21809
0.26764
0.32898
0.39377
0.45506
0.50769
0.54842
0.57582
0.59005
0.59251
0.58544
0.57151
0.55352
0.53405
0.5153
0.49891
0.48598
0.47702
0.47208
0.47077
0.47246
0.47636
0.48164
0.48748
0.49321
0.4983
0.5024
0.50531
0.507
0.50757
0.5072
0.50612
0.50459
0.4731
0.42085
0.35716
0.29052
0.22795
0.17461
0.1337
0.10655
0.092884
0.091184
0.0991
0.11385
0.13257
0.15263
0.1718
0.18843
0.20144
0.21034
0.21513
0.21622
0.21427
0.21011
0.20462
0.19859
0.19272
0.18755
0.18342
0.18052
0.17887
0.17836
0.17881
0.17996
0.18157
