0
0
0
0
0
0
0
0
0
0
0.05349
0.10358
0.15061
0.19073
0.22161
0.24235
0.25321
0.25535
0.25052
0.24074
0.22805
0.21434
0.20115
0.18964
0.18053
0.17418
0.17058
0.16946
0.17038
0.17278
0.17611
0.17984
0.18352
0.18681
0.18947
0.19139
0.19256
0.19302
0.19289
0.19231
0.19145
0.19044
0.18942
0.18849
0.27686
0.35977
0.43778
0.50448
0.55595
0.59065
0.60897
0.61281
0.60504
0.589
0.56808
0.54539
0.52352
0.50439
0.48924
0.47862
0.47257
0.47063
0.47207
0.47601
0.48149
0.48766
0.49376
0.49921
0.50365
0.50686
0.50881
0.50959
0.5094
0.50846
0.50704
0.50538
0.50368
0.41299
0.32822
0.24887
0.18139
0.12963
0.09506
0.077174
0.073967
0.082468
0.099239
0.12082
0.14404
0.16631
0.18569
0.20096
0.21156
0.21752
0.2193
0.21766
0.21352
0.20784
0.20152
0.1953
0.18977
0.1853
0.18208
0.18015
0.17941
0.17966
0.18065
0.18213
0.18384
0.18556
0.18713
