0
0
0
0
0
0
0
0
0
0
0.0097752
0
0
0.0048876
0
0
0
0
0
0
0
0
0
0
0
0
0
0
0
0.0097752
0
0
0
0
0
0
0
0
0
0
0
0
0
0
0
0
0
0
0
0
0
0.0048876
0.0097752
0
0.0048876
0
0.0048876
0
0.0097752
0
0
0
0
0
0
0
0
0
0
0
0
0
0.0048876
0
0.0048876
0
0
0
0
0
0
0
0
0
0
0
0.0048876
0
0
0
0
0
0
0
0
0
0
0
0
0
0
0
0
0
0
0
0
0
0
0
0
0
0
0.0097752
0
0
0
0
0
0
0
0
0
0
0
0
0
0
0
0
0
0
0
0
0
0
0
0
0
0
0
0.0097752
0
0
0
0
0
0
0
0
0.0097752
0
0
0
0
0
0
0
0.0048876
0
0
0
0
0
0
0
0
0.0048876
0
0
0
0
0
0
0
0
0
0
0
0.0048876
0
0
0
0
0
0
0
0
0
0
0
0
0
0
0
0
0
0
0
0
0
0
0
0
0
0
0
0
0
0
0
0
0
0
0
0
0
0
0
0
0
0
0
0
0
0
0
0
0
0
0
0
0
0
0
0.0048876
0
0.0048876
0
0
0
0
0
0
0
0
0
0
0.0048876
0
0
0
0
0
0.0097752
0
0
0
0
0.0097752
0
0
0
0
0
0
0
0
0
0
0
0
0
0.0048876
0
0
0.0048876
0
0
0.0048876
0
0
0
0
0
0
0
0
0.0048876
0
0
0
0
0
0
0.0097752
0
0
0
0
0
0
0
0
0
0.0048876
0
0
0
0
0
0
0
0
0
0
0
0
0
0
0
0
0
0
0
0
0
0
0
0
0
0
0
0
0
0
0.0048876
0
0
0
0
0.0097752
0.0048876
0
0
0
0
0
0
0
0
0
0
0
0
0
0.0048876
0
0
0
0
0
0
0
0
0
0
0.0048876
0
0
0
0
0
0
0
0
0
0
0
0
0
0
0
0
0.0048876
0.0097752
0
0
0
0.0048876
0
0
0
0
0
0
0
0
0
0
0
0
0
0.0097752
0
0
0
0.0048876
0
0
0
0
0
0
0
0
0
0
0
0
0
0
0
0
0
0
0
0
0
0
0
0
0
0
0
0
0
0
0
0
0.0048876
0
0
0
0
0
0
0
0
0
0
0
0
0
0.0048876
0
0
0
0
0
0
0
0
0
0
0
0
0
0
0
0
0
0
0.0048876
0
0.014663
0
0
0
0
0
0
0
0
0
0
0
0
0.0048876
0
0
0
0
0
0
0
0
0
0
0
0
0
0
0
0
0
0
0
0
0
0
0
0
0
0
0
0
0
0
0
0
0.0048876
0
0
0
0
0
0
0
0.0048876
0
0
0
0
0.01955
0
0
0
0
0
0
0
0
0.014663
0
0
0.0048876
0
0
0
0
0
0
0
0
0
0
0
0
0.0048876
0
0
0
0
0.0048876
0
0.0097752
0
0
0
0
0
0
0
0
0
0
0
0
0
0
0.0097752
0
0
0
0
0
0
0
0
0
0
0
0
0
0.0097752
0
0
0
0
0
0
0
0
0
0
0
0
0
0.0048876
0
0
0
0
0
0
0
0
0
0
0
0
0
0
0
0
0
0
0
0
0
0
0
0
0
0
0
0
0
0
0
0
0.0048876
0
0
0
0
0
0
0
0
0
0
0
0
0
0
0
0
0
0
0
0
0
0
0
0.0048876
0.0097752
0
0
0
0
0
0
0
0
0
0
0
0
0
0
0
0
0
0
0
0
0.0048876
0
0.0048876
0
0
0
0
0
0
0
0
0
0
0
0
0
0
0
0
0
0
0
0
0.0097752
0
0
0
0
0
0
0
0
0
0
0
0.0048876
0
0
0
0
0
0
0
0
0
0
0
0
0
0
0
0
0
0
0
0
0
0
0
0
0
0
0
0
0
0
0
0
0
0
0
0.0097752
0.0048876
0
0.0048876
0
0
0
0
0
0
0
0
0
0
0
0
0
0
0
0
0
0
0.0048876
0
0
0
0
0
0
0
0
0
0
0
0
0
0
0
0
0
0
0
0
0
0
0
0
0
0
0
0
0
0
0
0
0
0
0
0
0
0
0
0
0
0
0
0
0
0
0
0.0048876
0
0
0
0
0
0
0
0
0
0
0
0
0
0
0
0
0
0
0
0
0
0.014663
0
0
0
0.0048876
0
0
0
0
0
0
0
0
0
0
0
0
0
0
0
0
0
0
0
0.0048876
0
0
0
0.0048876
0
0
0
0
0
0
0
0
0
0
0
0
0.0048876
0
0
0
0
0
0.0048876
0
0
0
0
0
0
0
0
0
0
0
0
0
0
0
0
0.0048876
0
0
0
0
0
0
0
0
0
0
0
0
0
0
0
0
0
0
0
0
0
0
0
0
0
0
0
0
0
0
0
0
0
0
0
0.0097752
0
0
0
0
0
0
0
0
0
0
0
0
0.0097752
0
0
0
0
0
0
0
0
0
0
0
0
0
0
0
0
0
0
0
0.0097752
0
0
0
0
0
0
0
0
0
0
0
0
0.0048876
0
0
0
0
0
0
0
0
0
0
0
0
0
0
0
0
0
0
0
0
0
0.0097752
0
0.0048876
0
0
0
0
0
0
0
0
0
0
0
0
0
0
0
0
0
0
0
0
0
0
0.0097752
0
0
0
0
0
0
0
0
0
0
0
0
0
0
0
0
0
0
0
0
0
0
0
0
0.0048876
0.0048876
0
0
0
0
0
0.0097752
0.0048876
0
0
0
0
0
0
0
0
0
0
0
0
0
0
0
0
0
0
0
0
0
0
0
0
0
0
0.0048876
0
0.0048876
0.0048876
0.0097752
0
0
0
0
0
0.0097752
0
0.0048876
0
0
0
0
0
0
0
0
0
0
0
0
0
0
0
0
0
0
0
0
0
0.0097752
0
0.0097752
0
0
0
0
0
0
0
0
0
0
0.0048876
0
0
0
0
0
0
0
0
0
0
0
0
0
0
0
0
0
0
0
0
0
0
0
0
0
0
0
0
0
0
0
0
0
0.0048876
0
0
0
0
0
0
0
0
0
0.0097752
0
0
0
0
0
0
0
0
0.0048876
0.0048876
0
0
0
0
0
0
0
0
0
0
0
0
0
0
0.0048876
0.01955
0
0
0
0
0
0
0
0
0
0
0
0
0
0
0
0
0
0
0
0
0
0
0.0048876
0
0
0
0
0
0
0
0
0
0
0
0
0
0
0
0
0
0.0048876
0
0
0
0
0
0
0
0
0
0
0
0.0048876
0
0
0
0
0
0
0
0
0
0
0
0
0
0
0
0
0
0
0.0048876
0
0
0
0
0
0
0
0
0
0
0
0
0
0
0
0
0
0
0
0
0
0
0
0
0
0
0
0
0
0
0
0
0
0
0
0
0
0
0
0
0
0
0
0
0
0
0
0
0
0
0
0
0
0
0
0
0
0
0
0
0
0
0
0
0
0
0
0
0
0
0
0
0
0
0
0
0
0
0
0
0
0
0
0
0
0
0
0
0
0.0048876
0
0
0
0
0
0
0
0
0
0
0
0
0.0048876
0
0
0
0
0.0097752
0
0
0
0
0
0
0
0
0
0
0
0
0
0
0
0
0
0.0048876
0.0097752
0
0
0
0
0
0
0
0
0
0
0
0
0
0
0
0
0
0
0
0
0
0
0
0
0
0
0
0
0
0
0
0
0
0
0
0
0
0
0
0
0
0.0048876
0
0
0
0
0
0
0
0
0
0
0
0.0097752
0
0
0
0.0048876
0
0
0
0.0097752
0
0
0
0
0
0
0
0
0
0
0
0
0
0
0
0
0
0
0.0048876
0
0
0
0
0
0
0
0
0
0
0
0
0
0
0
0
0
0
0
0
0
0
0
0
0
0
0.0048876
0
0
0
0
0
0
0
0.0048876
0
0
0
0
0
0
0
0
0.0048876
0
0
0
0
0.0048876
0
0
0
0
0
0
0
0
0
0
0
0
0
0
0
0.0048876
0
0
0
0
0
0
0.01955
0
0
0
0
0
0
0
0
0
0
0
0
0
0
0
0
0.0048876
0
0
0
0
0
0
0.0048876
0
0.0097752
0
0.0048876
0
0
0
0
0
0.0048876
0
0.0048876
0
0
0
0
0
0
0
0
0
0
0
0
0
0
0
0
0
0
0
0
0
0
0
0
0
0
0
0
0
0
0
0
0
0
0
0
0
0
0
0
0
0
0
0
0
0
0
0
0
0
0
0
0
0
0
0
0
0.0048876
0
0
0
0
0.0097752
0
0
0
0
0
0
0
0
0
0
0.0048876
0
0.0048876
0
0
0
0
0
0
0
0
0
0
0
0
0
0
0
0
0
0
0
0
0
0
0
0
0
0
0
0
0
0
0
0
0
0
0.0048876
0
0
0
0
0
0
0
0
0
0
0
0
0
0
0
0.0048876
0
0
0
0
0
0
0
0
0
0
0
0.0048876
0
0
0
0
0
0
0
0
0
0
0
0
0
0
0
0
0
0
0
0
0
0
0.0048876
0
0
0
0
0
0
0
0
0
0
0
0
0
0
0.0097752
0.0048876
0.0048876
0
0
0
0
0
0
0
0
0
0
0
0
0
0
0
0
0
0
0
0.0048876
0
0
0
0
0
0
0
0
0
0
0
0
0
0
0
0
0
0
0
0
0
0
0
0
0
0
0
0
0
0
0
0
0
0
0
0
0
0
0
0
0
0
0
0
0
0
0
0
0
0
0
0
0
0
0
0
0
0
0
0
0
0.0048876
0
0
0
0
0
0
0
0
0
0
0
0
0
0
0
0
0
0
0
0
0
0
0
0
0
0
0
0
0
0
0
0
0
0
0
0.0048876
0
0
0
0
0.0048876
0
0.01955
0
0
0
0
0
0.0048876
0
0
0
0
0.0097752
0
0
0
0
0
0
0
0
0
0
0
0
0
0
0
0
0
0
0
0
0
0
0
0
0
0
0
0
0
0
0
0
0.0048876
0
0
0
0
0
0
0
0
0
0
0
0
0
0
0
0
0
0
0
0
0
0
0
0
0
0
0
0
0
0
0
0
0
0
0
0
0
0.0097752
0
0
0.0097752
0
0
0
0
0
0
0.01955
0.0097752
0.014663
0.024438
0.01955
0.029325
0.029325
0.034213
0.043988
0.034213
0.039101
0.058651
0.043988
0.063539
0.063539
0.078201
0.078201
0.068426
0.058651
0.078201
0.073314
0.083089
0.078201
0.10264
0.087976
0.10753
0.087976
0.097752
0.10264
0.097752
0.10753
0.11241
0.1173
0.11241
0.12219
0.1173
0.12708
0.12219
0.13196
0.11241
0.12219
0.13196
0.14174
0.13685
0.14663
0.14663
0.14663
0.15152
0.15152
0.17107
0.15152
0.15152
0.16618
0.16129
0.1564
0.17595
0.16618
0.17107
0.16618
0.19062
0.18084
0.19062
0.19062
0.19062
0.19062
0.19062
0.20039
0.19062
0.1955
0.20039
0.21505
0.20039
0.20528
0.21017
0.21017
0.21505
0.20528
0.21505
0.21017
0.2346
0.21994
0.2346
0.2346
0.2346
0.2346
0.2346
0.2346
0.2346
0.23949
0.25415
0.23949
0.24927
0.24927
0.24438
0.25904
0.24438
0.25415
0.25415
0.25415
0.25904
0.25415
0.24927
0.25415
0.26393
0.26882
0.2737
0.25415
0.2737
0.26393
0.26882
0.26882
0.28837
0.2737
0.27859
0.2737
0.26882
0.28348
0.28837
0.2737
0.27859
0.28837
0.29325
0.29325
0.29814
0.30792
0.29814
0.28837
0.29814
0.29325
0.29814
0.29814
0.29814
0.30792
0.31281
0.31769
0.31281
0.31281
0.31769
0.31281
0.30792
0.32258
0.30792
0.30303
0.31769
0.31769
0.32747
0.30792
0.32258
0.33236
0.32747
0.34702
0.33236
0.33236
0.33236
0.33236
0.34702
0.33724
0.33724
0.34213
0.34213
0.34702
0.33724
0.34702
0.34702
0.35679
0.35191
0.35191
0.35191
0.34702
0.36168
0.35191
0.35679
0.34702
0.36168
0.35679
0.34702
0.36168
0.37146
0.35191
0.34702
0.36168
0.36657
0.35679
0.37146
0.36168
0.35679
0.36657
0.36657
0.36168
0.37146
0.37146
0.38612
0.37146
0.37634
0.37634
0.37146
0.38123
0.38123
0.38123
0.38612
0.39101
0.39101
0.37634
0.39589
0.39589
0.39101
0.40078
0.39589
0.38612
0.39589
0.39101
0.39589
0.39101
0.41056
0.38612
0.40078
0.40567
0.41056
0.39589
0.40567
0.40567
0.39589
0.39589
0.41056
0.41056
0.41544
0.41056
0.41056
0.41056
0.41544
0.40567
0.42522
0.40567
0.42033
0.42033
0.42033
0.42033
0.42522
0.41544
0.42033
0.42033
0.41056
0.42033
0.42522
0.41056
0.41544
0.42033
0.43011
0.43499
0.43499
0.42522
0.43011
0.43499
0.43499
0.43011
0.43011
0.43011
0.44477
0.43988
0.43499
0.44477
0.43988
0.43499
0.44477
0.44477
0.43988
0.37146
0.43988
0.43988
0.43988
0.44966
0.43988
0.44477
0.45455
0.45455
0.45943
0.44966
0.44966
0.45943
0.44477
0.46432
0.44477
0.45455
0.44966
0.45455
0.44966
0.44966
0.45455
0.45943
0.46432
0.46432
0.45943
0.46432
0.46921
0.44966
0.46432
0.46432
0.45455
0.45943
0.46921
0.46432
0.46921
0.46921
0.46921
0.46921
0.4741
0.46432
0.46432
0.47898
0.48387
0.46432
0.4741
0.46921
0.46921
0.46921
0.48387
0.49365
0.4741
0.48387
0.4741
0.46432
0.48387
0.48387
0.47898
0.49365
0.49853
0.46432
0.48387
0.49365
0.48387
0.48387
0.48876
0.48876
0.47898
0.49365
0.49853
0.48387
0.49365
0.48387
0.48876
0.49853
0.49365
0.49853
0.49365
0.49365
0.49365
0.48387
0.49853
0.50342
0.48876
0.50831
0.51808
0.50831
0.50342
0.48876
0.50342
0.50342
0.50342
0.50831
0.50342
0.50831
0.5132
0.50342
0.49853
0.50342
0.50342
0.5132
0.50831
0.50831
0.50831
0.51808
0.50831
0.50342
0.50831
0.51808
0.50831
0.50831
0.5132
0.52297
0.52786
0.5132
0.51808
0.5132
0.51808
0.51808
0.53275
0.52297
0.50831
0.52786
0.52786
0.52786
0.52297
0.53275
0.52786
0.52297
0.52786
0.5132
0.53275
0.52786
0.52297
0.53275
0.53275
0.52786
0.52786
0.53763
0.52297
0.52786
0.53763
0.53763
0.53763
0.52297
0.4741
0.53763
0.52786
0.53763
0.54252
0.54252
0.53763
0.54741
0.52786
0.54741
0.54252
0.52786
0.5523
0.54252
0.53763
0.54741
0.5523
0.55718
0.54741
0.54741
0.54252
0.53763
0.54741
0.54252
0.54252
0.56207
0.55718
0.54252
0.54741
0.54741
0.54252
0.55718
0.56207
0.5523
0.5523
0.54741
0.5523
0.57673
0.54252
0.56207
0.54252
0.56207
0.55718
0.54252
0.5523
0.56207
0.57185
0.56696
0.56207
0.55718
0.55718
0.56207
0.56207
0.56207
0.55718
0.56207
0.57185
0.57185
0.56696
0.56696
0.57673
0.57185
0.56696
0.56696
0.55718
0.56696
0.57185
0.58162
0.55718
0.56696
0.56207
0.57185
0.55718
0.55718
0.56696
0.58162
0.58162
0.57673
0.57185
0.5914
0.57673
0.58162
0.56696
0.58162
0.56696
0.57185
0.58162
0.58651
0.57673
0.58162
0.57673
0.56696
0.58162
0.57673
0.57673
0.58162
0.58162
0.58162
0.58651
0.58651
0.57185
0.58651
0.58651
0.5914
0.57673
0.58651
0.58651
0.5914
0.57673
0.58651
0.5914
0.5914
0.5914
0.59628
0.59628
0.5914
0.58162
0.58651
0.5914
0.59628
0.5914
0.58651
0.59628
0.58651
0.5914
0.58651
0.5914
0.58651
0.59628
0.59628
0.60117
0.59628
0.59628
0.59628
0.59628
0.5914
0.5914
0.60117
0.60606
0.59628
0.60606
0.59628
0.59628
0.61095
0.60117
0.61095
0.60117
0.61095
0.61095
0.60606
0.60606
0.5914
0.61584
0.59628
0.59628
0.60606
0.60117
0.61584
0.62072
0.61095
0.61584
0.61584
0.60606
0.60606
0.60606
0.61584
0.61095
0.61095
0.61095
0.60606
0.62561
0.61584
0.61095
0.61584
0.61584
0.61095
0.61095
0.61095
0.61584
0.62561
0.62072
0.61095
0.61095
0.62561
0.61095
0.61584
0.61584
0.61584
0.61584
0.61584
0.62561
0.61584
0.62561
0.62561
0.6305
0.62561
0.62072
0.6305
0.61584
0.62072
0.62561
0.62072
0.6305
0.62072
0.62561
0.62561
0.62561
0.62561
0.62561
0.62561
0.62072
0.64027
0.62561
0.62072
0.6305
0.62561
0.61584
0.61584
0.62072
0.6305
0.62072
0.62072
0.62561
0.62561
0.62561
0.64516
0.6305
0.6305
0.6305
0.63539
0.62072
0.63539
0.64516
0.64027
0.63539
0.65005
0.64516
0.63539
0.63539
0.63539
0.6305
0.64516
0.63539
0.64027
0.63539
0.63539
0.6305
0.63539
0.63539
0.64027
0.63539
0.64516
0.65982
0.63539
0.64027
0.63539
0.63539
0.64516
0.64027
0.65005
0.63539
0.64027
0.64027
0.65494
0.64027
0.64516
0.64516
0.64027
0.64027
0.65005
0.64027
0.64516
0.64516
0.63539
0.65005
0.6305
0.65005
0.65494
0.65005
0.64027
0.64027
0.64516
0.64516
0.64516
0.64516
0.65005
0.65494
0.65982
0.65005
0.65494
0.65005
0.65982
0.65982
0.65982
0.65982
0.65494
0.64516
0.63539
0.6305
0.65005
0.65005
0.65005
0.65494
0.65494
0.6696
0.65982
0.67449
0.65005
0.65982
0.65005
0.65005
0.65005
0.65982
0.66471
0.65494
0.65494
0.6696
0.65005
0.6696
0.65982
0.6696
0.66471
0.65494
0.65005
0.65982
0.65982
0.65494
0.65494
0.67449
0.65494
0.65005
0.67449
0.65005
0.65982
0.6696
0.6696
0.65982
0.68426
0.65982
0.66471
0.66471
0.66471
0.6696
0.6696
0.66471
0.67449
0.6696
0.67449
0.6696
0.6696
0.6696
0.66471
0.6696
0.6696
0.65982
0.66471
0.66471
0.67449
0.65982
0.67449
0.67937
0.6696
0.66471
0.6696
0.67449
0.6696
0.6696
0.66471
0.66471
0.6696
0.6696
0.66471
0.6696
0.67937
0.6696
0.67449
0.67937
0.6696
0.68426
0.6696
0.67449
0.68426
0.66471
0.6696
0.67449
0.67449
0.67449
0.67937
0.67449
0.67449
0.67449
0.68426
0.67449
0.68915
0.67449
0.67937
0.67449
0.67937
0.67449
0.68915
0.67449
0.68915
0.67449
0.67449
0.67449
0.68426
0.67449
0.68426
0.68915
0.68426
0.68915
0.6696
0.67937
0.68426
0.68426
0.68426
0.68426
0.67937
0.67937
0.68915
0.69404
0.67937
0.67449
0.68426
0.69404
0.67449
0.69404
0.67937
0.67449
0.68426
0.67937
0.68915
0.68426
0.68915
0.68915
0.68915
0.67449
0.68915
0.68426
0.68426
0.69892
0.67449
0.69404
0.69892
0.68915
0.68426
0.68915
0.68915
0.68426
0.68426
0.68915
0.68426
0.67937
0.69404
0.68915
0.68915
0.69892
0.68915
0.69404
0.67937
0.69892
0.69404
0.68915
0.68915
0.68915
0.69892
0.69404
0.68915
0.68426
0.70381
0.7087
0.68915
0.69404
0.68915
0.70381
0.68915
0.69404
0.69404
0.69404
0.68915
0.68426
0.68426
0.70381
0.70381
0.70381
0.69892
0.69892
0.69892
0.69404
0.69892
0.70381
0.68915
0.69404
0.70381
0.70381
0.69892
0.69892
0.69892
0.69892
0.69404
0.70381
0.70381
0.70381
0.70381
0.7087
0.69892
0.68915
0.70381
0.70381
0.69404
0.69892
0.69892
0.70381
0.70381
0.71359
0.70381
0.71359
0.69892
0.7087
0.69892
0.70381
0.7087
0.71359
0.71847
0.7087
0.69404
0.7087
0.71847
0.70381
0.69892
0.69404
0.68915
0.70381
0.71359
0.7087
0.72336
0.71359
0.71359
0.71359
0.70381
0.70381
0.70381
0.70381
0.71847
0.7087
0.7087
0.7087
0.70381
0.71847
0.71359
0.70381
0.69892
0.71359
0.7087
0.71359
0.69892
0.7087
0.7087
0.7087
0.69892
0.70381
0.70381
0.7087
0.70381
0.70381
0.71847
0.70381
0.71359
0.7087
0.70381
0.7087
0.72336
0.69404
0.71359
0.7087
0.71359
0.70381
0.70381
0.71359
0.71359
0.71847
0.71847
0.71847
0.72336
0.71359
0.7087
0.7087
0.72336
0.71847
0.70381
0.71847
0.7087
0.73314
0.72825
0.70381
0.7087
0.71359
0.72336
0.71359
0.71847
0.7087
0.72336
0.71847
0.71359
0.71847
0.71847
0.71359
0.71847
0.7087
0.71847
0.72336
0.72336
0.71359
0.65005
0.72336
0.71847
0.7087
0.71847
0.71359
0.71359
0.72336
0.72825
0.71847
0.71359
0.70381
0.71359
0.71847
0.71847
0.71847
0.72336
0.72336
0.72825
0.72825
0.72336
0.71359
0.71359
0.71847
0.72825
0.72825
0.73314
0.72336
0.72336
0.72336
0.71847
0.72825
0.71847
0.73314
0.72825
0.7087
0.71847
0.72825
0.71359
0.71847
0.71847
0.72336
0.71359
0.71847
0.72336
0.71359
0.71847
0.71847
0.72825
0.72825
0.71359
0.71847
0.72825
0.72825
0.73314
0.72336
0.72336
0.73314
0.73314
0.73314
0.72825
0.71847
0.73802
0.72825
0.73802
0.72336
0.73314
0.73314
0.73314
0.72336
0.71847
0.72336
0.73314
0.74291
0.73314
0.73314
0.73314
0.72825
0.72825
0.72336
0.73802
0.72825
0.73314
0.72825
0.73314
0.72825
0.73802
0.73314
0.73314
0.72825
0.73802
0.72336
0.72825
0.73802
0.71847
0.73314
0.72336
0.72825
0.72825
0.72825
0.72825
0.72825
0.71847
0.73314
0.72336
0.73314
0.73314
0.72825
0.72336
0.73314
0.74291
0.73314
0.74291
0.72825
0.72825
0.73802
0.73314
0.73802
0.73314
0.73314
0.73314
0.73314
0.72336
0.74291
0.74291
0.72825
0.7478
0.73802
0.72825
0.73314
0.72825
0.72336
0.73802
0.74291
0.73802
0.74291
0.73314
0.74291
0.7478
0.74291
0.73802
0.72825
0.73802
0.72825
0.74291
0.74291
0.7478
0.73314
0.73802
0.73802
0.72336
0.73314
0.73802
0.72825
0.72825
0.7478
0.74291
0.72825
0.72825
0.73802
0.73802
0.7478
0.75269
0.74291
0.72825
0.73314
0.73802
0.7478
0.74291
0.74291
0.73802
0.7478
0.74291
0.75269
0.74291
0.7478
0.74291
0.74291
0.7478
0.74291
0.74291
0.73314
0.74291
0.74291
0.73314
0.75269
0.72825
0.74291
0.73802
0.75269
0.73802
0.73802
0.75269
0.7478
0.74291
0.73802
0.7478
0.73314
0.73802
0.72825
0.7478
0.73314
0.73802
0.73802
0.75269
0.7478
0.73314
0.7478
0.74291
0.73802
0.7478
0.73802
0.73802
0.7478
0.73802
0.74291
0.74291
0.74291
0.74291
0.73314
0.73802
0.73802
0.7478
0.76246
0.7478
0.73802
0.7478
0.7478
0.74291
0.75269
0.74291
0.7478
0.75269
0.7478
0.73802
0.74291
0.75269
0.7478
0.7478
0.74291
0.75269
0.75269
0.7478
0.75758
0.7478
0.74291
0.75758
0.75758
0.74291
0.73314
0.73802
0.73802
0.75269
0.76246
0.7478
0.74291
0.7478
0.7478
0.7478
0.7478
0.74291
0.7478
0.75269
0.74291
0.75269
0.7478
0.75269
0.75758
0.7478
0.74291
0.7478
0.73802
0.7478
0.74291
0.75269
0.7478
0.7478
0.75758
0.75269
0.75269
0.75269
0.75269
0.75269
0.7478
0.7478
0.74291
0.73802
0.7478
0.76246
0.76246
0.7478
0.7478
0.75758
0.75758
0.73802
0.7478
0.7478
0.74291
0.7478
0.75269
0.74291
0.76246
0.75269
0.76246
0.7478
0.75758
0.7478
0.75269
0.7478
0.75758
0.75269
0.75269
0.7478
0.76246
0.75758
0.75269
0.74291
0.7478
0.75269
0.75269
0.76246
0.7478
0.74291
0.76246
0.75758
0.74291
0.76246
0.75269
0.75758
0.75758
0.7478
0.73802
0.74291
0.7478
0.7478
0.74291
0.76246
0.7478
0.76246
0.75269
0.75269
0.75269
0.76246
0.75269
0.75269
0.75758
0.75758
0.75758
0.75269
0.7478
0.76246
0.76246
0.75269
0.7478
0.75269
0.75269
0.75269
0.74291
0.75758
0.7478
0.75758
0.76246
0.75758
0.76735
0.75758
0.75758
0.76735
0.75758
0.75758
0.7478
0.75758
0.76246
0.76246
0.75269
0.75758
0.7478
0.75758
0.75758
0.75758
0.76735
0.76246
0.75269
0.7478
0.7478
0.76246
0.75758
0.77224
0.74291
0.76735
0.75269
0.7478
0.76246
0.76246
0.75269
0.75758
0.75269
0.76246
0.76246
0.76246
0.76246
0.76246
0.75758
0.75269
0.75758
0.77224
0.75269
0.76735
0.76246
0.76735
0.75758
0.76246
0.76735
0.76735
0.76246
0.75758
0.76246
0.75269
0.75758
0.77224
0.75758
0.75269
0.76735
0.75269
0.76735
0.76246
0.76735
0.75758
0.77713
0.76735
0.77224
0.7478
0.76246
0.76735
0.76246
0.7478
0.76735
0.76735
0.76735
0.76246
0.76735
0.75269
0.76735
0.76246
0.76735
0.75758
0.75758
0.75269
0.76246
0.7869
0.76246
0.76735
0.77224
0.76246
0.76246
0.77224
0.75269
0.76246
0.75269
0.76735
0.75758
0.75269
0.75758
0.75758
0.76246
0.76735
0.76735
0.77224
0.77224
0.76246
0.77224
0.75269
0.75758
0.75758
0.75758
0.75758
0.75758
0.75758
0.76246
0.76246
0.75269
0.76246
0.76246
0.75758
0.76735
0.76246
0.76735
0.76246
0.76735
0.76735
0.75758
0.75758
0.75758
0.76246
0.76246
0.76735
0.75269
0.76246
0.78201
0.75758
0.76735
0.76246
0.76246
0.76246
0.75758
0.75758
0.76735
0.75758
0.76246
0.77224
0.76735
0.77224
0.77713
0.75269
0.76735
0.76735
0.76735
0.76246
0.75758
0.75758
0.77713
0.76246
0.76735
0.77224
0.76735
0.76735
0.75269
0.76735
0.75758
0.76735
0.77713
0.75758
0.76735
0.76246
0.77713
0.78201
0.76735
0.76246
0.75269
0.76735
0.75758
0.76246
0.75758
0.76735
0.77224
0.76735
0.76735
0.75758
0.75758
0.75758
0.76735
0.75758
0.75758
0.76735
0.76735
0.76246
0.77224
0.76735
0.7869
0.76246
0.75758
0.76735
0.77224
0.76735
0.75758
0.76246
0.76735
0.77224
0.76246
0.76735
0.77224
0.77224
0.76246
0.77224
0.75758
0.75758
0.76246
0.76246
0.76735
0.77224
0.76246
0.77224
0.77224
0.76735
0.76246
0.76735
0.69404
0.78201
0.76735
0.77713
0.77713
0.77713
0.76735
0.76246
0.76735
0.75758
0.78201
0.76735
0.76246
0.75758
0.77224
0.77224
0.76246
0.76735
0.75758
0.76735
0.77713
0.77713
0.77713
0.77713
0.7869
0.77713
0.77713
0.76735
0.77713
0.78201
0.76735
0.76735
0.76246
0.75269
0.78201
0.77713
0.7869
0.78201
0.77713
0.77224
0.76735
0.76735
0.77713
0.77224
0.78201
0.75758
0.77224
0.76735
0.76735
0.77713
0.78201
0.76735
0.77224
0.77224
0.75758
0.77224
0.77224
0.76735
0.78201
0.78201
0.77713
0.77713
0.77713
0.77713
0.76246
0.76246
0.75758
0.76246
0.76246
0.76735
0.77224
0.78201
0.78201
0.77713
0.77224
0.77224
0.76735
0.78201
0.78201
0.78201
0.76735
0.77224
0.77713
0.77713
0.79179
0.77224
0.77224
0.77224
0.7087
0.78201
0.77713
0.77224
0.77713
0.75758
0.76246
0.78201
0.76735
0.77713
0.77713
0.77224
0.75758
0.76735
0.76735
0.77224
0.78201
0.78201
0.76735
0.76735
0.77713
0.76246
0.7869
0.76735
0.77713
0.77713
0.77713
0.77224
0.77713
0.78201
0.7869
0.75269
0.76735
0.77713
0.78201
0.77224
0.77224
0.78201
0.77224
0.78201
0.78201
0.78201
0.77224
0.78201
0.76735
0.76246
0.78201
0.77713
0.77713
0.78201
0.76735
0.77713
0.77224
0.77713
0.76735
0.78201
0.78201
0.76735
0.77713
0.77224
0.78201
0.78201
0.77713
0.75758
0.78201
0.77713
0.76735
0.76735
0.78201
0.77713
0.77713
0.77713
0.77224
0.76735
0.77224
0.77713
0.77713
0.77713
0.77713
0.76735
0.76735
0.78201
0.78201
0.76246
0.77713
0.77224
0.77713
0.77224
0.78201
0.78201
0.77224
0.78201
0.78201
0.77224
0.77713
0.78201
0.76735
0.77713
0.77713
0.77713
0.77713
0.77224
0.77713
0.78201
0.76735
0.77224
0.76735
0.7869
0.77713
0.77713
0.77713
0.78201
0.78201
0.79668
0.77713
0.78201
0.77713
0.78201
0.71359
0.77713
0.77713
0.76735
0.78201
0.77224
0.76735
0.78201
0.77713
0.79179
0.77713
0.77224
0.76735
0.78201
0.77713
0.77713
0.77713
0.77713
0.78201
0.77713
0.77713
0.77713
0.77224
0.78201
0.76735
0.78201
0.78201
0.78201
0.77713
0.77713
0.77713
0.7869
0.77713
0.76735
0.77713
0.78201
0.78201
0.7869
0.77224
0.76735
0.78201
0.77713
0.77224
0.76735
0.77713
0.76735
0.77224
0.77713
0.78201
0.78201
0.77713
0.78201
0.7869
0.7869
0.78201
0.77713
0.78201
0.77713
0.77224
0.71847
0.78201
0.76735
0.78201
0.77224
0.78201
0.76735
0.76246
0.77713
0.78201
0.78201
0.77224
0.77224
0.77713
0.7869
0.77713
0.77224
0.77224
0.77224
0.77713
0.77713
0.77713
0.7869
0.78201
0.78201
0.77713
0.77224
0.77713
0.7869
0.77224
0.77224
0.78201
0.7869
0.7869
0.76735
0.78201
0.77224
0.76246
0.77713
0.77224
0.76735
0.78201
0.77713
0.76735
0.77713
0.77224
0.7869
0.77713
0.77224
0.77224
0.78201
0.77713
0.7869
0.7869
0.78201
0.77713
0.79179
0.77713
0.77713
0.77713
0.7869
0.77713
0.77713
0.76735
0.78201
0.77713
0.77713
0.77224
0.79668
0.78201
0.77713
0.7869
0.78201
0.78201
0.77713
0.7869
0.77224
0.77713
0.76735
0.77713
0.7869
0.78201
0.78201
0.7869
0.79179
0.78201
0.77713
0.77713
0.79179
0.77713
0.78201
0.76735
0.76735
0.7869
0.77713
0.76246
0.78201
0.77713
0.78201
0.78201
0.79179
0.7869
0.7869
0.77713
0.79179
0.77224
0.7869
0.80156
0.77224
0.78201
0.7869
0.77224
0.7869
0.77224
0.79179
0.77224
0.7869
0.79179
0.7869
0.77713
0.79179
0.77224
0.78201
0.7869
0.77713
0.77224
0.78201
0.78201
0.7869
0.7869
0.77713
0.7869
0.77713
0.77224
0.78201
0.7869
0.79179
0.7869
0.77713
0.7869
0.78201
0.77713
0.77224
0.78201
0.7869
0.7869
0.71847
0.77713
0.78201
0.78201
0.78201
0.76735
0.77713
0.78201
0.77713
0.77224
0.77713
0.76735
0.77713
0.78201
0.78201
0.78201
0.77713
0.77224
0.78201
0.76735
0.78201
0.79179
0.78201
0.7869
0.77224
0.77713
0.77224
0.77713
0.78201
0.78201
0.77224
0.77713
0.77713
0.79179
0.77224
0.78201
0.7869
0.77713
0.77713
0.77713
0.77224
0.78201
0.7869
0.77224
0.77713
0.78201
0.7869
0.77713
0.79179
0.7869
0.78201
0.78201
0.78201
0.79668
0.77713
0.77224
0.7869
0.77713
0.77713
0.79668
0.78201
0.78201
0.76735
0.7869
0.78201
0.7869
0.7869
0.78201
0.78201
0.77713
0.7869
0.77713
0.79179
0.79179
0.77224
0.77224
0.78201
0.77713
0.77713
0.77713
0.77224
0.78201
0.80156
0.77224
0.7869
0.79179
0.77713
0.76735
0.71847
0.78201
0.80156
0.77713
0.79179
0.7869
0.76735
0.77713
0.77713
0.78201
0.77713
0.7869
0.78201
0.77713
0.77713
0.78201
0.78201
0.78201
0.79179
0.78201
0.78201
0.78201
0.79179
0.77713
0.78201
0.77713
0.77713
0.7869
0.78201
0.77713
0.77224
0.77713
0.78201
0.78201
0.77713
0.7869
0.78201
0.77224
0.78201
0.78201
0.79179
0.77713
0.78201
0.78201
0.76735
0.78201
0.7869
0.77713
0.77713
0.78201
0.7869
0.80156
0.78201
0.7869
0.7869
0.79179
0.78201
0.78201
0.77713
0.79179
0.79179
0.79179
0.77713
0.77713
0.77713
0.78201
0.77713
0.78201
0.7869
0.77713
0.77713
0.78201
0.78201
0.77224
0.77713
0.77224
0.78201
0.78201
0.78201
0.78201
0.78201
0.78201
0.79179
0.77713
0.79668
0.77713
0.78201
0.72336
0.7869
0.78201
0.77713
0.7869
0.78201
0.80156
0.7869
0.7869
0.77713
0.77713
0.77224
0.77224
0.77713
0.79179
0.77713
0.77713
0.7869
0.78201
0.78201
0.78201
0.79179
0.79179
0.77713
0.79668
0.79179
0.79668
0.79179
0.78201
0.79668
0.78201
0.78201
0.7869
0.78201
0.7869
0.77713
0.7869
0.7869
0.7869
0.78201
0.78201
0.77713
0.77713
0.7869
0.7869
0.77713
0.7869
0.78201
0.7869
0.79179
0.7869
0.7869
0.79179
0.7869
0.78201
0.77224
0.7869
0.77713
0.7869
0.79668
0.79179
0.7869
0.78201
0.79179
0.76735
0.78201
0.79179
0.79179
0.7869
0.7869
0.7869
0.78201
0.7869
0.80156
0.79179
0.77713
0.78201
0.77713
0.77224
0.77713
0.78201
0.77713
0.7869
0.78201
0.78201
0.79668
0.78201
0.77713
0.72336
0.79179
0.79179
0.7869
0.76735
0.79179
0.78201
0.78201
0.80156
0.79179
0.7869
0.79179
0.77713
0.78201
0.7869
0.78201
0.79668
0.78201
0.7869
0.7869
0.77713
0.79179
0.78201
0.79179
0.7869
0.79179
0.79179
0.78201
0.77713
0.79179
0.79179
0.7869
0.79668
0.7869
0.7869
0.76735
0.79668
0.77224
0.77713
0.79179
0.77713
0.77713
0.78201
0.7869
0.7869
0.7869
0.7869
0.7869
0.77224
0.7869
0.78201
0.78201
0.78201
0.7869
0.77713
0.78201
0.79668
0.79179
0.76735
0.73314
0.79179
0.7869
0.7869
0.78201
0.77713
0.79179
0.77224
0.7869
0.79668
0.7869
0.77224
0.78201
0.7869
0.7869
0.78201
0.7869
0.7869
0.79179
0.79179
0.79668
0.79179
0.78201
0.78201
0.79668
0.78201
0.79179
0.79179
0.78201
0.73314
0.7869
0.7869
0.7869
0.78201
0.79179
0.7869
0.79668
0.7869
0.79179
0.7869
0.78201
0.79179
0.7869
0.79668
0.7869
0.78201
0.7869
0.78201
0.79179
0.78201
0.7869
0.78201
0.79668
0.78201
0.79179
0.77224
0.7869
0.79668
0.7869
0.79179
0.79668
0.80156
0.77713
0.78201
0.77713
0.78201
0.79179
0.78201
0.7869
0.79179
0.79179
0.79179
0.7869
0.79668
0.79179
0.77713
0.78201
0.79179
0.79668
0.78201
0.7869
0.79668
0.79668
0.78201
0.7869
0.79179
0.78201
0.79179
0.77713
0.7869
0.79179
0.78201
0.78201
0.77713
0.79179
0.78201
0.77713
0.7869
0.78201
0.79179
0.77713
0.78201
0.79179
0.77713
0.79179
0.78201
0.7869
0.79179
0.7869
0.77713
0.78201
0.79179
0.78201
0.79179
0.79179
0.79179
0.78201
0.79668
0.71847
0.79668
0.79179
0.77713
0.7869
0.77713
0.78201
0.7869
0.7869
0.79668
0.78201
0.79179
0.79179
0.79179
0.7869
0.79668
0.77713
0.79668
0.78201
0.77713
0.78201
0.80156
0.79179
0.79179
0.77713
0.78201
0.77713
0.7869
0.79179
0.72336
0.78201
0.79179
0.77713
0.7869
0.77713
0.77713
0.79179
0.7869
0.78201
0.7869
0.79668
0.78201
0.79179
0.78201
0.78201
0.79668
0.7869
0.7869
0.78201
0.79179
0.79179
0.7869
0.77713
0.7869
0.7869
0.78201
0.79179
0.7869
0.78201
0.78201
0.7869
0.7869
0.79179
0.7869
0.79179
0.78201
0.78201
0.7869
0.7869
0.78201
0.77713
0.79179
0.7869
0.7869
0.78201
0.79179
0.7869
0.7869
0.79668
0.7869
0.77713
0.80156
0.77713
0.79179
0.79179
0.78201
0.80156
0.7869
0.7869
0.79179
0.78201
0.79179
0.79179
0.78201
0.78201
0.79179
0.7869
0.79668
0.77224
0.79668
0.79179
0.78201
0.79668
0.79179
0.7869
0.78201
0.77713
0.7869
0.79179
0.7869
0.77713
0.79179
0.7869
0.77224
0.77713
0.7869
0.78201
0.79179
0.81134
0.79179
0.81134
0.79179
0.7869
0.79179
0.79668
0.78201
0.7869
0.77713
0.79179
0.79179
0.7869
0.79179
0.78201
0.78201
0.79179
0.7869
0.7869
0.79668
0.77713
0.78201
0.78201
0.79179
0.79668
0.7869
0.78201
0.7869
0.79179
0.79668
0.78201
0.78201
0.79179
0.78201
0.79179
0.77224
0.78201
0.7869
0.7869
0.7869
0.7869
0.78201
0.7869
0.77713
0.78201
0.78201
0.77713
0.79179
0.7869
0.7869
0.77713
0.77713
0.79668
0.79179
0.79179
0.79179
0.80156
0.71359
0.7869
0.79668
0.79179
0.78201
0.7869
0.78201
0.78201
0.78201
0.79179
0.79668
0.79179
0.79668
0.78201
0.7869
0.79179
0.79179
0.78201
0.80645
0.79179
0.7869
0.7869
0.78201
0.7869
0.78201
0.77713
0.79179
0.79179
0.79179
0.77713
0.79179
0.79179
0.79179
0.79668
0.7869
0.7869
0.79179
0.80156
0.79179
0.79179
0.7869
0.79179
0.79179
0.7869
0.78201
0.77224
0.7869
0.7869
0.7869
0.77713
0.79668
0.79668
0.78201
0.80645
0.79668
0.80645
0.7869
0.78201
0.78201
0.79668
0.7869
0.79668
0.79179
0.78201
0.79668
0.7869
0.79179
0.78201
0.79179
0.7869
0.79179
0.7869
0.79668
0.79179
0.79179
0.78201
0.79179
0.78201
0.80156
0.7869
0.79179
0.79179
0.79179
0.80156
0.77713
0.79179
0.7869
0.79668
0.79179
0.79179
0.79668
0.79668
0.7869
0.78201
0.78201
0.77713
0.79179
0.79668
0.79179
0.78201
0.77713
0.79179
0.7869
0.79668
0.79668
0.79179
0.78201
0.7869
0.80156
0.79668
0.7869
0.7869
0.79179
0.77713
0.77713
0.77713
0.7869
0.80156
0.79668
0.79668
0.79179
0.7869
0.79668
0.79179
0.7869
0.79179
0.77713
0.78201
0.79179
0.78201
0.77713
0.81134
0.79179
0.79179
0.78201
0.7869
0.7869
0.7869
0.77713
0.79179
0.79668
0.79179
0.79179
0.7869
0.78201
0.7869
0.79668
0.79668
0.79179
0.79668
0.7869
0.78201
0.78201
0.79179
0.81134
0.7869
0.80156
0.78201
0.7869
0.7869
0.7869
0.7869
0.79179
0.7869
0.7869
0.79179
0.78201
0.79179
0.7869
0.78201
0.79668
0.79179
0.78201
0.7869
0.7869
0.7869
0.78201
0.79179
0.80156
0.78201
0.79668
0.79179
0.78201
0.77224
0.78201
0.79179
0.7869
0.79668
0.79179
0.7869
0.79179
0.7869
0.7869
0.79668
0.79668
0.79179
0.78201
0.80156
0.7869
0.7869
0.78201
0.78201
0.78201
0.79179
0.7869
0.72336
0.79179
0.80156
0.79668
0.79179
0.7869
0.78201
0.78201
0.78201
0.79179
0.79179
0.7869
0.79668
0.78201
0.79179
0.79668
0.79668
0.79668
0.7869
0.7869
0.79668
0.79179
0.79668
0.78201
0.78201
0.77713
0.79668
0.78201
0.79668
0.72825
0.79179
0.79668
0.79179
0.79179
0.7869
0.79179
0.7869
0.7869
0.78201
0.79179
0.78201
0.7869
0.7869
0.7869
0.78201
0.7869
0.79668
0.7869
0.7869
0.79179
0.80156
0.78201
0.78201
0.78201
0.77713
0.79179
0.79668
0.80156
0.7869
0.79179
0.79179
0.7869
0.78201
0.78201
0.79668
0.7869
0.7869
0.7869
0.7869
0.78201
0.77713
0.80156
0.78201
0.78201
0.79179
0.79179
0.7869
0.79668
0.79668
0.7869
0.79668
0.79179
0.7869
0.7869
0.79179
0.79179
0.78201
0.79668
0.73314
0.79179
0.79179
0.7869
0.7869
0.7869
0.7869
0.7869
0.7869
0.7869
0.79668
0.77224
0.80156
0.79179
0.79179
0.79179
0.7869
0.7869
0.79179
0.79668
0.7869
0.7869
0.80156
0.7869
0.7869
0.79179
0.79179
0.78201
0.79668
0.79179
0.79668
0.80156
0.79179
0.79668
0.7869
0.81134
0.80156
0.79179
0.78201
0.7869
0.7869
0.77713
0.80156
0.7869
0.7869
0.79179
0.81134
0.79179
0.80156
0.80156
0.79668
0.79179
0.78201
0.78201
0.7869
0.79179
0.78201
0.81134
0.80156
0.77713
0.79179
0.79179
0.7869
0.78201
0.77713
0.77713
0.76735
0.79179
0.79668
0.77713
0.79668
0.7869
0.7869
0.79179
0.7869
0.79668
0.79179
0.79179
0.79179
0.77713
0.7869
0.79179
0.78201
0.79179
0.79668
0.78201
0.79179
0.7869
0.79668
0.79179
0.79179
0.79668
0.7869
0.79179
0.78201
0.79179
0.78201
0.7869
0.77713
0.80156
0.7869
0.79668
0.7869
0.79668
0.80156
0.79668
0.7869
0.7869
0.79668
0.78201
0.79179
0.79179
0.79179
0.79179
0.79668
0.7869
0.78201
0.72336
0.79668
0.79668
0.78201
0.78201
0.79179
0.78201
0.80645
0.7869
0.7869
0.79668
0.79668
0.78201
0.78201
0.79179
0.79179
0.7869
0.7869
0.7869
0.79179
0.79179
0.77713
0.77713
0.78201
0.80156
0.80156
0.79668
0.78201
0.79668
0.78201
0.79668
0.7869
0.7869
0.80156
0.78201
0.78201
0.77224
0.79179
0.78201
0.80645
0.7869
0.79179
0.78201
0.77713
0.79179
0.77224
0.79179
0.78201
0.7869
0.80156
0.7869
0.79179
0.7869
0.78201
0.7869
0.79668
0.79179
0.79179
0.72825
0.79179
0.79179
0.7869
0.79668
0.7869
0.79179
0.7869
0.78201
0.78201
0.7869
0.77713
0.7869
0.79179
0.79668
0.78201
0.77713
0.79179
0.78201
0.79179
0.79668
0.77713
0.7869
0.7869
0.7869
0.79668
0.7869
0.79668
0.7869
0.79668
0.79668
0.7869
0.7869
0.79179
0.77713
0.7869
0.80156
0.77713
0.79179
0.7869
0.7869
0.80156
0.7869
0.79179
0.78201
0.7869
0.7869
0.7869
0.79179
0.79179
0.77713
0.79668
0.7869
0.80156
0.7869
0.79668
0.77713
0.80156
0.77713
0.78201
0.78201
0.78201
0.79668
0.78201
0.7869
0.7869
0.79179
0.77713
0.7869
0.77713
0.7869
0.79179
0.79179
0.7869
0.79668
0.78201
0.7869
0.79179
0.78201
0.7869
0.79179
0.7869
0.80156
0.78201
0.79179
0.79668
0.7869
0.7869
0.72336
0.79668
0.79668
0.77713
0.77713
0.78201
0.79668
0.7869
0.79179
0.78201
0.7869
0.77713
0.7869
0.7869
0.7869
0.79179
0.78201
0.7869
0.7869
0.78201
0.7869
0.80156
0.79179
0.79668
0.79179
0.7869
0.7869
0.78201
0.7869
0.80156
0.80156
0.7869
0.79668
0.79179
0.79179
0.79179
0.7869
0.79668
0.79179
0.7869
0.80156
0.7869
0.79179
0.79668
0.79668
0.78201
0.78201
0.79179
0.7869
0.79668
0.78201
0.7869
0.7869
0.79179
0.79179
0.78201
0.7869
0.78201
0.78201
0.78201
0.7869
0.79668
0.80645
0.80645
0.7869
0.80156
0.79668
0.7869
0.7869
0.79668
0.78201
0.7869
0.79179
0.79668
0.80645
0.79179
0.7869
0.79668
0.7869
0.78201
0.79179
0.79668
0.79179
0.78201
0.79668
0.7869
0.79179
0.7869
0.79179
0.79179
0.79668
0.7869
0.78201
0.7869
0.79179
0.78201
0.79179
0.79179
0.7869
0.78201
0.7869
0.77713
0.79179
0.7869
0.80156
0.79179
0.79668
0.7869
0.78201
0.79179
0.77713
0.79179
0.79668
0.79179
0.79668
0.7869
0.79179
0.79179
0.79668
0.80645
0.7869
0.79668
0.7869
0.78201
0.78201
0.7869
0.78201
0.78201
0.79668
0.79668
0.78201
0.77713
0.77713
0.7869
0.79179
0.77713
0.79668
0.78201
0.79179
0.79179
0.78201
0.79179
0.79668
0.78201
0.79179
0.79179
0.79179
0.79668
0.79668
0.79179
0.7869
0.79179
0.79668
0.78201
0.79668
0.7869
0.7869
0.80156
0.78201
0.7869
0.7869
0.79179
0.7869
0.79179
0.79179
0.78201
0.7869
0.79179
0.7869
0.79179
0.7869
0.79179
0.79668
0.79179
0.79668
0.7869
0.79668
0.7869
0.78201
0.7869
0.7869
0.79179
0.79179
0.79179
0.7869
0.78201
0.78201
0.79668
0.7869
0.78201
0.7869
0.79179
0.80645
0.7869
0.79668
0.79179
0.79179
0.79668
0.79668
0.78201
0.7869
0.78201
0.79179
0.7869
0.7869
0.79179
0.79668
0.79668
0.79668
0.7869
0.7869
0.78201
0.78201
0.79668
0.79179
0.7869
0.79668
0.7869
0.7869
0.80156
0.79179
0.80156
0.7869
0.7869
0.78201
0.79668
0.7869
0.7869
0.7869
0.7869
0.79179
0.79179
0.79179
0.7869
0.78201
0.7869
0.79179
0.79179
0.80645
0.80156
0.78201
0.79668
0.80156
0.79179
0.78201
0.81134
0.79179
0.80156
0.79179
0.77713
0.79179
0.79179
0.78201
0.79179
0.78201
0.79179
0.7869
0.77224
0.79179
0.7869
0.79179
0.80156
0.7869
0.80156
0.79179
0.79179
0.7869
0.77713
0.79179
0.80645
0.79179
0.79179
0.79179
0.79179
0.79668
0.79179
0.79179
0.7869
0.78201
0.78201
0.79179
0.78201
0.78201
0.7869
0.77713
0.79668
0.79179
0.78201
0.79179
0.79668
0.7869
0.79668
0.77713
0.79179
0.7869
0.80156
0.79668
0.79179
0.79179
0.79179
0.78201
0.77713
0.7869
0.77713
0.80156
0.79668
0.7869
0.79179
0.79179
0.7869
0.7869
0.77713
0.80156
0.79179
0.7869
0.78201
0.78201
0.79668
0.79179
0.79668
0.79668
0.7869
0.7869
0.7869
0.79179
0.80156
0.7869
0.79179
0.79668
0.7869
0.7869
0.77713
0.79668
0.79179
0.79179
0.78201
0.79179
0.80156
0.7869
0.7869
0.79179
0.79179
0.7869
0.80156
0.79668
0.79179
0.79668
0.7869
0.79179
0.79179
0.79179
0.80645
0.7869
0.79668
0.79668
0.79179
0.79668
0.79668
0.79179
0.78201
0.79668
0.79179
0.77713
0.79179
0.78201
0.79179
0.78201
0.79179
0.79668
0.79668
0.79179
0.79668
0.78201
0.80156
0.78201
0.7869
0.78201
0.79179
0.7869
0.79668
0.7869
0.77713
0.7869
0.78201
0.78201
0.79668
0.79668
0.7869
0.79179
0.79668
0.79179
0.7869
0.80156
0.79668
0.79668
0.79179
0.80156
0.7869
0.79179
0.78201
0.79668
0.7869
0.78201
0.7869
0.79179
0.78201
0.79179
0.79668
0.79668
0.79179
0.79179
0.7869
0.79179
0.78201
0.78201
0.79668
0.7869
0.79179
0.79179
0.79179
0.7869
0.7869
0.77713
0.79668
0.79668
0.7869
0.77713
0.79179
0.80156
0.7869
0.78201
0.78201
0.78201
0.7869
0.7869
0.80156
0.7869
0.79668
0.79179
0.79179
0.80156
0.80156
0.7869
0.7869
0.7869
0.7869
0.78201
0.78201
0.7869
0.7869
0.79668
0.79668
0.78201
0.7869
0.7869
0.7869
0.80156
0.7869
0.79179
0.79668
0.7869
0.79668
0.7869
0.78201
0.79179
0.79179
0.79179
0.77713
0.80156
0.79179
0.78201
0.78201
0.79179
0.80645
0.79179
0.77713
0.78201
0.79668
0.7869
0.7869
0.7869
0.80645
0.79668
0.78201
0.7869
0.7869
0.7869
0.7869
0.7869
0.7869
0.79179
0.7869
0.79179
0.80156
0.79668
0.7869
0.79668
0.79668
0.79668
0.78201
0.79668
0.7869
0.7869
0.79179
0.81134
0.79179
0.79668
0.79668
0.78201
0.79179
0.78201
0.79668
0.79179
0.79179
0.79179
0.78201
0.7869
0.79179
0.79179
0.78201
0.79179
0.79668
0.79668
0.80156
0.79668
0.80156
0.7869
0.80156
0.80156
0.79179
0.7869
0.80156
0.79179
0.79179
0.79179
0.80156
0.78201
0.78201
0.78201
0.79668
0.7869
0.79179
0.81134
0.77713
0.79179
0.78201
0.7869
0.79668
0.7869
0.7869
0.79668
0.79179
0.7869
0.78201
0.78201
0.7869
0.79179
0.7869
0.79179
0.7869
0.79668
0.79179
0.78201
0.78201
0.78201
0.79179
0.78201
0.78201
0.79179
0.79668
0.77713
0.7869
0.79179
0.79179
0.78201
0.80156
0.79668
0.79179
0.79179
0.7869
0.7869
0.7869
0.79668
0.79668
0.79668
0.79668
0.79179
0.79668
0.79668
0.79179
0.79179
0.79179
0.78201
0.79668
0.79668
0.7869
0.80156
0.7869
0.78201
0.79179
0.79668
0.78201
0.7869
0.7869
0.77713
0.7869
0.7869
0.7869
0.7869
0.79179
0.78201
0.78201
0.79668
0.79668
0.78201
0.78201
0.7869
0.79668
0.79179
0.78201
0.7869
0.7869
0.78201
0.79179
0.7869
0.78201
0.7869
0.79179
0.79179
0.7869
0.80645
0.7869
0.79179
0.80645
0.79179
0.77713
0.79179
0.79179
0.78201
0.80156
0.78201
0.7869
0.81134
0.80156
0.7869
0.7869
0.80156
0.7869
0.7869
0.79668
0.79179
0.79179
0.7869
0.79668
0.79179
0.7869
0.78201
0.7869
0.7869
0.79179
0.79668
0.78201
0.79179
0.7869
0.79668
0.79179
0.78201
0.79179
0.7869
0.78201
0.77713
0.80645
0.77713
0.80645
0.78201
0.79668
0.79179
0.77713
0.7869
0.79668
0.79668
0.77713
0.79668
0.7869
0.79668
0.79179
0.78201
0.78201
0.7869
0.7869
0.80645
0.79668
0.7869
0.78201
0.79179
0.7869
0.79179
0.80645
0.79179
0.79668
0.80156
0.7869
0.79179
0.79179
0.79668
0.79668
0.79179
0.7869
0.77713
0.80156
0.80156
0.79668
0.7869
0.79668
0.7869
0.79179
0.79179
0.79179
0.81134
0.79668
0.79179
0.79179
0.80156
0.79668
0.7869
0.79179
0.80156
0.80156
0.79668
0.79668
0.80645
0.7869
0.79668
0.80645
0.7869
0.79668
0.7869
0.7869
0.7869
0.78201
0.7869
0.78201
0.7869
0.79179
0.78201
0.79179
0.7869
0.7869
0.7869
0.79668
0.80156
0.79179
0.80645
0.79668
0.78201
0.79668
0.79668
0.7869
0.78201
0.7869
0.79179
0.78201
0.7869
0.79179
0.7869
0.80156
0.7869
0.79179
0.80156
0.78201
0.78201
0.78201
0.79179
0.79179
0.80156
0.7869
0.77224
0.7869
0.7869
0.79179
0.79668
0.79668
0.79179
0.79179
0.80156
0.7869
0.79668
0.80156
0.79668
0.79668
0.7869
0.79179
0.7869
0.79668
0.78201
0.79179
0.78201
0.78201
0.79668
0.79668
0.78201
0.79668
0.7869
0.7869
0.7869
0.79179
0.79179
0.7869
0.79668
0.79668
0.7869
0.77713
0.79179
0.7869
0.79179
0.79668
0.7869
0.78201
0.79668
0.79179
0.79179
0.79668
0.79179
0.7869
0.79668
0.80645
0.78201
0.79179
0.78201
0.79179
0.79179
0.78201
0.7869
0.77713
0.79179
0.79668
0.79179
0.79179
0.79179
0.79668
0.79179
0.79668
0.7869
0.79668
0.7869
0.7869
0.79179
0.7869
0.79668
0.71847
0.79668
0.79668
0.79668
0.80156
0.78201
0.7869
0.79179
0.78201
0.7869
0.78201
0.78201
0.7869
0.78201
0.79668
0.78201
0.79179
0.77713
0.7869
0.78201
0.77713
0.78201
0.80156
0.7869
0.7869
0.79179
0.79668
0.79668
0.79179
0.78201
0.80156
0.79179
0.79668
0.79179
0.80645
0.7869
0.7869
0.77224
0.79179
0.7869
0.78201
0.79179
0.78201
0.79179
0.7869
0.79668
0.7869
0.7869
0.78201
0.7869
0.79668
0.79668
0.7869
0.79668
0.77713
0.7869
0.7869
0.79668
0.79668
0.77713
0.7869
0.79179
0.7869
0.7869
0.79668
0.79179
0.7869
0.79179
0.7869
0.78201
0.78201
0.79668
0.7869
0.78201
0.7869
0.80156
0.7869
0.79668
0.80156
0.79179
0.79179
0.80645
0.79179
0.80156
0.79668
0.79179
0.79179
0.7869
0.79179
0.71847
0.79179
0.80156
0.79668
0.78201
0.79179
0.7869
0.78201
0.79668
0.79179
0.79179
0.7869
0.79179
0.79179
0.79179
0.7869
0.79668
0.79179
0.79179
0.77713
0.79668
0.79179
0.80156
0.79668
0.80156
0.77713
0.79179
0.79179
0.79668
0.7869
0.80156
0.79668
0.78201
0.78201
0.79179
0.78201
0.78201
0.80645
0.79179
0.79668
0.79668
0.79668
0.78201
0.79668
0.78201
0.78201
0.7869
0.7869
0.7869
0.78201
0.79668
0.79668
0.79668
0.79179
0.79179
0.79179
0.79179
0.80156
0.79668
0.80156
0.7869
0.79668
0.77713
0.79668
0.79668
0.7869
0.7869
0.78201
0.80156
0.78201
0.78201
0.80645
0.79668
0.7869
0.7869
0.79668
0.79668
0.78201
0.7869
0.7869
0.79668
0.79668
0.7869
0.7869
0.7869
0.7869
0.80156
0.79668
0.73314
0.80156
0.79668
0.79179
0.79179
0.80156
0.78201
0.78201
0.7869
0.7869
0.7869
0.78201
0.79179
0.79179
0.79668
0.79668
0.77713
0.79179
0.78201
0.7869
0.79179
0.77713
0.7869
0.79668
0.79668
0.80156
0.80156
0.80156
0.7869
0.80156
0.7478
0.7869
0.78201
0.79179
0.79179
0.78201
0.7869
0.78201
0.7869
0.78201
0.79668
0.79179
0.79179
0.7869
0.78201
0.7869
0.80156
0.78201
0.79179
0.78201
0.79179
0.79668
0.80645
0.79179
0.79179
0.7869
0.7869
0.79179
0.80156
0.79668
0.80645
0.78201
0.79179
0.79179
0.7869
0.79179
0.78201
0.7869
0.79179
0.79179
0.7869
0.7869
0.79179
0.77713
0.78201
0.7869
0.77224
0.78201
0.79668
0.80645
0.79179
0.79179
0.78201
0.79179
0.79668
0.79668
0.78201
0.78201
0.77713
0.80156
0.80156
0.7869
0.78201
0.79179
0.79179
0.79668
0.7869
0.79179
0.79668
0.78201
0.79179
0.79668
0.7869
0.79179
0.7869
0.79179
0.7869
0.78201
0.79179
0.79668
0.79179
0.7869
0.79179
0.80156
0.77713
0.7869
0.79179
0.79668
0.79668
0.80156
0.80156
0.80156
0.78201
0.77713
0.7869
0.7869
0.78201
0.78201
0.78201
0.79179
0.79179
0.7869
0.79179
0.79179
0.79179
0.79179
0.79179
0.7869
0.7869
0.7869
0.7869
0.79179
0.7869
0.79179
0.7869
0.7869
0.78201
0.81134
0.79668
0.7869
0.79179
0.79179
0.78201
0.7869
0.79179
0.7869
0.7869
0.79668
0.78201
0.7869
0.7869
0.79179
0.79179
0.78201
0.80156
0.79179
0.79179
0.80645
0.79668
0.79179
0.78201
0.79668
0.7869
0.79668
0.7869
0.80645
0.78201
0.79179
0.7869
0.72336
0.79179
0.7869
0.78201
0.7869
0.79179
0.79668
0.7869
0.80156
0.7869
0.79179
0.7869
0.7869
0.80156
0.7869
0.80156
0.80156
0.80645
0.78201
0.79668
0.7869
0.79668
0.7869
0.7869
0.79668
0.77713
0.7869
0.81134
0.79179
0.81134
0.79179
0.79179
0.78201
0.79179
0.79668
0.7869
0.78201
0.79179
0.79179
0.78201
0.80156
0.79179
0.79179
0.79179
0.77713
0.80156
0.7869
0.79668
0.7869
0.79668
0.79668
0.79179
0.80645
0.79179
0.79179
0.79179
0.79668
0.79668
0.7869
0.80645
0.79668
0.79668
0.80156
0.7869
0.7869
0.80645
0.79179
0.80645
0.78201
0.80645
0.79668
0.79668
0.7869
0.79668
0.7869
0.78201
0.79668
0.79668
0.7869
0.7869
0.7869
0.79179
0.79179
0.7869
0.79179
0.79179
0.7869
0.78201
0.80156
0.80156
0.7869
0.79179
0.80156
0.79179
0.79179
0.79179
0.79179
0.79668
0.7869
0.80156
0.79179
0.7869
0.79179
0.79179
0.7869
0.7869
0.79179
0.79668
0.79179
0.7869
0.79668
0.79668
0.7869
0.79179
0.80156
0.79179
0.79668
0.7869
0.79668
0.79668
0.78201
0.77713
0.7869
0.79668
0.79668
0.79179
0.7869
0.78201
0.78201
0.79179
0.78201
0.80156
0.79179
0.79668
0.7869
0.80156
0.78201
0.79668
0.79179
0.79179
0.7869
0.80645
0.79668
0.78201
0.80156
0.73314
0.7869
0.80156
0.79668
0.7869
0.79179
0.79179
0.79668
0.80156
0.7869
0.7869
0.79179
0.79668
0.7869
0.78201
0.79179
0.79179
0.78201
0.79179
0.77713
0.80156
0.7869
0.79179
0.79179
0.7869
0.7869
0.7869
0.7869
0.78201
0.79668
0.79179
0.79179
0.7869
0.79668
0.79179
0.80156
0.7869
0.79179
0.79668
0.77713
0.7869
0.79668
0.79179
0.7869
0.79179
0.7869
0.79668
0.77713
0.80645
0.79179
0.79179
0.79668
0.79668
0.79179
0.80156
0.79668
0.79668
0.80156
0.72825
0.7869
0.7869
0.79668
0.79668
0.79668
0.7869
0.79179
0.78201
0.79179
0.77713
0.79179
0.79179
0.80156
0.78201
0.80645
0.7869
0.79179
0.79668
0.7869
0.79179
0.79179
0.79179
0.7869
0.79179
0.79179
0.79179
0.78201
0.79179
0.79668
0.79179
0.7869
0.79668
0.80156
0.79179
0.79179
0.78201
0.7869
0.79179
0.79179
0.80156
0.79668
0.80156
0.79668
0.7869
0.7869
0.79179
0.79179
0.79668
0.79179
0.78201
0.80156
0.7869
0.7869
0.79668
0.79179
0.79179
0.79668
0.79668
0.79668
0.80156
0.79668
0.79179
0.78201
